57004825.7778
-1
175337.0
-1
119793567.0
131188144.222
130076985.875
-1
128342120.429
-1
882710.0
-1
-1
119793567.0
-1
269693841.667
-1
122532.0
62480309.0
59398005.6667
37931869.0
161317423.0
19673424.0
58000681.25
-1
301305.0
70435851.125
5296534.5
-1
-1
98895417.0
40000353.3333
47254707.2
-1
85303929.0
-1
39804008.5556
57102109.0
22159420.0
-1
68782984.0
-1
-1
-1
42879267.3
28305026.75
281429.0
47111.0
37931869.0
23511743.2222
-1
6671816.5
-1
-1
26182137.8
108112.333333
-1
-1
9170214.0
-1
78030.0
-1
-1
-1
1561896.66667
3820700.0
-1
25539235.6667
-1
46714010.8
57004825.7778
-1
6165429.0
-1
18585762.75
218628680.0
-1
7104310.71429
-1
20960.0
-1
27447199.5
-1
-1
-1
70435851.125
-1
52700241.6667
12183.0
221625159.0
169705587.0
11373683.0
48056940.0
1174586.0
35389274.7
-1
122879.0
687081.0
8828771.0
4811009.57143
22864970.6
16377717.0
-1
19773160.4286
-1
-1
-1
-1
9759890.0
-1
-1
40041683.0
871577.0
-1
-1
99770.0
44201031.5
-1
-1
59475046.1
-1
-1
-1
20609869.0
-1
94676981.7
238434.0
-1
-1
774522.0
-1
22159420.0
5355847.0
-1
799647.0
-1
26349050.6667
38212977.5
67236785.0
-1
68078805.5
405182.0
-1
1271025.0
-1
7122998.8
-1
-1
-1
-1
-1
-1
-1
688363.0
-1
-1
-1
62985.0
-1
-1
-1
-1
-1
-1
383179.0
-1
-1
42117.0
-1
19895616.6667
-1
-1
-1
-1
-1
-1
734024.0
618758.0
2598242.0
-1
876068.0
-1
6367780.0
-1
-1
12673265.2
-1
1594855.5
766595.333333
35384170.0
-1
-1
39900.0
-1
902144.0
-1
610652.125
-1
-1
-1
196203.0
-1
505941.5
413250.666667
532268.0
-1
-1
3972042.28571
990327.5
51943785.2857
268662.0
38135741.6667
-1
-1
-1
-1
-1
-1
-1
-1
-1
686383.0
-1
-1
1418264.0
2996456.0
-1
-1
-1
-1
-1
-1
-1
20609869.0
3048494.0
-1
-1
-1
-1
-1
-1
-1
-1
-1
-1
-1
-1
-1
384098.0
-1
-1
-1
-1
2083657.0
1386.0
788593.5
-1
-1
-1
-1
-1
-1
-1
-1
-1
-1
10044298.2
-1
33893069.25
-1
-1
-1
26399735.0
1005168.0
1316074.0
-1
-1
21368.0
7193.5
2996456.0
-1
-1
93370.0
1089445.0
-1
3776731.33333
-1
61001.0
-1
-1
-1
-1
-1
-1
1152594.16667
-1
-1
-1
-1
-1
-1
-1
199659.0
16694554.3333
-1
-1
-1
230836.0
-1
815848.0
-1
135952.5
170149.0
-1
-1
-1
-1
6670712.0
36536206.5
-1
-1
-1
12400.0
-1
-1
-1
-1
113926.0
9669418.0
-1
-1
-1
-1
-1
-1
5014564.66667
-1
28125.0
-1
-1
1258392.5
-1
-1
2283276.0
-1
-1
49029.0
-1
-1
-1
-1
-1
426879.181818
-1
-1
-1
-1
47074.0
-1
1826769.5
-1
-1
-1
-1
-1
1330894.0
2630068.5
-1
-1
-1
-1
-1
-1
215481.0
-1
-1
-1
-1
-1
240239.0
-1
-1
-1
-1
899639.333333
-1
-1
2820.0
-1
-1
-1
-1
-1
-1
-1
-1
-1
-1
-1
-1
-1
-1
-1
-1
-1
-1
-1
34273341.5
-1
-1
-1
79247.0
-1
-1
-1
-1
166320.0
13005485.0
-1
30411.0
-1
102079.0
6717.0
37543.0
-1
-1
-1
-1
-1
-1
29869.0
7016.0
-1
-1
-1
-1
548225.666667
-1
-1
2946818.36364
-1
-1
-1
-1
-1
-1
-1
-1
-1
-1
-1
-1
-1
-1
-1
-1
-1
-1
-1
106042.0
2390.0
-1
344095.0
-1
179110.0
-1
-1
21119.5
605116.0
-1
-1
-1
22221.0
117029.25
-1
1373728.0
-1
-1
-1
-1
-1
-1
-1
224401.4
-1
-1
-1
-1
201700.0
-1
-1
719.0
-1
-1
-1
-1
-1
-1
622164.0
-1
