21321100 2650 8632820 2640 0 -0.422132900058545  -0.600577421502327  -0.538406153326680  -0.523715469591679  0.0200959989750135
17390770 1037 7485346 846 0 0.454694102219432   -0.539227455359815  -0.393555046732015  -0.152559328670897  -0.190070498517396
5284309 461 380691 15 0 0.434048201901366   0.615675739917035   -0.0276978800250962 -0.216050434693189  -0.420196102109368
3958500 120 109000 5 0 0.531805310965492   -0.318820614594062  0.528580482028181   0.286168925477822   -0.0489105203514791
3600006 322 74149 4 0 0.514404207306316   -0.135345657660647  0.137574293233602   0.128342947724218   -0.181123963860706
3322127 347 1988351 291 3 0.555571574397396   -0.401249516763024  -0.108638233461537  -0.206361591324795  -0.282449213113193
2783970 410 992087 410 3 -0.422803078028737  0.662856895095259   0.00364594115214799 -0.470936232195059  -0.281468078576641
2627209 954 165292 7 0 -0.577124545536082  -0.819055004940964  -0.937943267281377  -0.406977020797892  0.00848418721587455
2546172 271 1278690 271 3 -0.748393065572213  0.527017267794191   -1.20422966726885   -0.0236304635029074 0.731629965230750
2238174 137 1073898 135 3 0.612552928178309   0.929855208187945   -0.149931644618486  -0.244398357017558  0.441252994039442
1671377 129 49777 4 1 -0.639177854492752  -0.343467220143698  0.811188191356228   -0.190102422373613  0.234328325916646
1558836 736 851391 736 1 0.268480856146427   -0.773712323040541  -0.943433678745021  0.0549924451380445  0.0802729990979740
1514782 97 63600 3 3 -0.555134293174985  -0.485370200533427  0.877215820945466   -0.195375805766720  0.272528506613856
1375769 121 81006 4 0 0.514404207306316   -0.135345657660647  0.137574293233602   0.128342947724218   -0.181123963860706
1359497 68 23309 2 0 0.514404207306316   -0.135345657660647  0.137574293233602   0.128342947724218   -0.181123963860706
1092800 80 15200 2 0 0.514404207306316   -0.135345657660647  0.137574293233602   0.128342947724218   -0.181123963860706
1013945 308 510846 308 3 -0.348865198441729  -0.0908620475539414 0.180692258674369   -0.111812217895042  -0.0488754355475115
923261 258 331855 258 1 0.478827109064735   -0.0796769238513720 -0.288185105530090  0.489232666453752   1.04694748909238
777896 24 230204 20 3 0.612552928178309   0.929855208187945   -0.149931644618486  -0.244398357017558  0.441252994039442
767732 57 63461 4 0 0.514404207306316   -0.135345657660647  0.137574293233602   0.128342947724218   -0.181123963860706
727594 73 34319 4 0 -0.664525857884649  0.761755920945196   -0.111185453790313  0.0178096074437151  -0.334124608465818
723593 24 24207 2 0 0.556902248392479   -0.253310354343229  0.421189963972250   0.234748421886426   -0.124462894462948
710508 61 345085 57 3 -0.241322674986046  0.971519297473940   -0.118623752646655  -0.492179991832322  0.584972402231673
706893 144 394797 144 3 0.446985582423370   -0.459532854769631  -1.06566744333841   0.0266445228136757  0.941722095246783
695876 171 350647 171 0 0.556902248392479   -0.253310354343229  0.421189963972250   0.234748421886426   -0.124462894462948
647280 61 36018 3 1 -0.614080917065765  -0.277956959892865  0.703797673300296   -0.241522925965009  0.158775951805176
645186 75 16056 1 0 0.504563490039550   0.513964599120362   -0.0528877417889268 -0.258177597966982  -0.378829293049805
587774 139 66941 4 0 0.514404207306316   -0.135345657660647  0.137574293233602   0.128342947724218   -0.181123963860706
510007 67 21544 4 3 0.395244658061062   -0.0819150019378114 0.0785409906958596  0.397569106063181   -0.295925224707977
507463 59 43116 6 1 -0.399181500944923  -0.497563366073820  -0.362247154760184  -0.400340963485660  -0.0463510903251650
430760 20 144720 20 3 0.692908933583259   0.178833810610263   0.0153405286402125  0.0999950253998488  0.680325132288104
428318 12 140106 9 3 0.692908933583259   0.178833810610263   0.0153405286402125  0.0999950253998488  0.680325132288104
342667 19 11290 1 1 -0.419827401262988  0.657339829203030   0.00361001194673442 -0.463832069507953  -0.276476693917137
335808 19 10505 1 3 -0.639177854492752  -0.343467220143698  0.811188191356228   -0.190102422373613  0.234328325916646
334616 35 16044 2 3 0.514404207306316   -0.135345657660647  0.137574293233602   0.128342947724218   -0.181123963860706
325196 16 27599 2 3 0.454694102219432   -0.539227455359815  -0.393555046732015  -0.152559328670897  -0.190070498517396
306917 20 15996 1 3 0.514404207306316   -0.135345657660647  0.137574293233602   0.128342947724218   -0.181123963860706
294039 490 235224 490 1 -0.559525478420946  -0.0919170583615946 -0.858177734167933  0.248350336487384   0.861070728833456
290650 16 5800 2 3 -0.571582875979603  -0.395921656575448  0.987413344038943   -0.135117451802801  0.215437021202934
288545 78 25821 2 0 0.735406974669421   0.0608691139276810  0.298956199378860   0.206400499562057   0.736986201685862
279558 28 27879 1 3 0.293861391432157   -0.331883646017553  0.757497442658111   0.0243898995398810  -0.000668132738412616
271755 56 21488 2 0 0.454694102219432   -0.539227455359815  -0.393555046732015  -0.152559328670897  -0.190070498517396
271734 17 67967 17 3 -0.419827401262988  0.657339829203030   0.00361001194673442 -0.463832069507953  -0.276476693917137
266588 121 26420 40 1 -0.419827401262988  0.657339829203030   0.00361001194673442 -0.463832069507953  -0.276476693917137
258384 61 32608 7 0 0.479412886505895   -0.715682770504212  -0.529570050333678  -0.427005513755990  -0.348487233180804
256872 125 171795 125 3 0.350180994213803   0.380937086766030   -1.12074209350363   -0.257490505639812  0.645558471587201
251555 11 24106 1 3 0.539122991592779   -0.311800972805044  0.00155928963193930 -0.146103237360876  -0.339540698524115
235659 304 149879 304 2 -0.614080917065765  -0.277956959892865  0.703797673300296   -0.241522925965009  0.158775951805176
213064 46 23017 4 0 -0.571582875979603  -0.395921656575448  0.987413344038943   -0.135117451802801  0.215437021202934
208959 12 62717 12 3 -0.419827401262988  0.657339829203030   0.00361001194673442 -0.463832069507953  -0.276476693917137
198126 9 12863 2 3 0.612552928178309   0.929855208187945   -0.149931644618486  -0.244398357017558  0.441252994039442
190229 10 6319 1 3 0.239794686098590   -0.319621049178861  0.672489781328465   0.00625870884975423 0.0150565436129459
180590 23 17664 3 3 0.568470912639883   -0.147608254499340  0.222581954563248   0.146474138414344   -0.196848640212064
164540 43 23200 2 3 -0.614080917065765  -0.277956959892865  0.703797673300296   -0.241522925965009  0.158775951805176
163745 9 12930 2 0 -0.614080917065765  -0.277956959892865  0.703797673300296   -0.241522925965009  0.158775951805176
153426 22 12664 3 0 -0.419827401262988  0.657339829203030   0.00361001194673442 -0.463832069507953  -0.276476693917137
140164 11 13744 2 3 -0.596679813406589  -0.461431916826280  1.09480386209488    -0.0836969482114042 0.290989395314404
138991 9 87743 9 3 -0.640370217137148  0.460801840846124   0.623533161371243   -0.567785117692289  -0.0960208627948435
136707 11 49057 11 3 0.539122991592779   -0.311800972805044  0.00155928963193930 -0.146103237360876  -0.339540698524115
134049 17 30 1 1 0.514404207306316   -0.135345657660647  0.137574293233602   0.128342947724218   -0.181123963860706
116044 7 9427 1 3 0.434048201901366   0.615675739917035   -0.0276978800250962 -0.216050434693189  -0.420196102109368
113276 15 15037 1 0 -0.614080917065765  -0.277956959892865  0.703797673300296   -0.241522925965009  0.158775951805176
109630 41 37480 17 3 -0.438129604762970  0.0239752854894435  0.145612240387541   0.156361106331379   -0.180107356863611
106323 13 12542 7 3 0.434048201901366   0.615675739917035   -0.0276978800250962 -0.216050434693189  -0.420196102109368
101451 14 26334 9 3 0.692908933583259   0.178833810610263   0.0153405286402125  0.0999950253998488  0.680325132288104
101074 2 26840 2 3 -0.995721262609561  -0.0651117709384364 0.687079018979714   0.614056336382563   -0.0572167939917493
84577 13 9094 1 3 -0.493034994640484  -0.161190382683669  -0.0746201725645437 0.00380241664453115 -0.0552054630487390
82614 21 44108 21 3 -0.557591651149095  -0.604007553367686  0.910121004766947   -0.357484094599371  0.0590973216704375
82312 16 39428 16 3 0.539122991592779   -0.311800972805044  0.00155928963193930 -0.146103237360876  -0.339540698524115
75531 6 11500 2 3 0.692908933583259   0.178833810610263   0.0153405286402125  0.0999950253998488  0.680325132288104
70918 24 4246 2 2 0.531805310965492   -0.318820614594062  0.528580482028181   0.286168925477822   -0.0489105203514791
68598 13 25588 12 3 0.514404207306316   -0.135345657660647  0.137574293233602   0.128342947724218   -0.181123963860706
63063 13 8329 1 3 0.311742378428694   -0.280381981383394  -0.302106815685928  0.396153075497079   0.0321280483437421
62506 6 9020 2 3 0.556902248392479   -0.253310354343229  0.421189963972250   0.234748421886426   -0.124462894462948
59874 6 3896 1 3 0.434048201901366   0.615675739917035   -0.0276978800250962 -0.216050434693189  -0.420196102109368
59696 14 10962 3 1 0.517015649017851   -0.134929707029872  0.150705841106128   0.129206909835505   -0.195639060018421
58872 49 48643 49 2 0.442256583173702   -0.00754857563923512    0.261936101650046   0.468332181521725   -0.357270506591221
56823 7 4621 2 3 -0.429221203846679  0.660159350023741   0.0154200854156703  -0.456205600312449  -0.287947573796173
56773 4 8775 2 3 0.514404207306316   -0.135345657660647  0.137574293233602   0.128342947724218   -0.181123963860706
56574 15 29231 2 0 0.479412886505895   -0.715682770504212  -0.529570050333678  -0.427005513755990  -0.348487233180804
54529 7 4843 1 0 0.692908933583259   0.178833810610263   0.0153405286402125  0.0999950253998488  0.680325132288104
52909 17 25781 17 3 -0.419827401262988  0.657339829203030   0.00361001194673442 -0.463832069507953  -0.276476693917137
50257 5 7232 1 0 0.491918711590865   -0.200439967280704  0.258096359162060   0.180627413426902   -0.120086685906952
48911 12 21705 12 3 -0.571166879014531  -0.599736142487837  0.904263798373882   -0.425494248501990  0.0664239971614393
48713 8 21602 8 1 -0.419827401262988  0.657339829203030   0.00361001194673442 -0.463832069507953  -0.276476693917137
45406 24 31113 24 3 -0.419827401262988  0.657339829203030   0.00361001194673442 -0.463832069507953  -0.276476693917137
45405 5 36942 5 1 0.443274106578531   -0.652701866098703  -0.257399571982788  -0.0311318153898552 -0.0367001539175639
44581 16 12431 3 3 -0.816281332601263  -0.291505564833282  0.872617878301896   0.346524225148867   0.157789106654253
43393 5 4949 1 3 -0.614080917065765  -0.277956959892865  0.703797673300296   -0.241522925965009  0.158775951805176
43089 10 2568 5 3 -0.624808476521719  -0.309587541540707  0.762520337629962   -0.189443383676486  0.160852986936088
42534 2 5218 1 3 0.514404207306316   -0.135345657660647  0.137574293233602   0.128342947724218   -0.181123963860706
42472 28 26912 28 3 -0.589362132779302  -0.454412275037262  0.567782669698633   -0.515969111050102  0.000359217141767886
38106 7 6447 6 3 -0.601843329822545  -0.642599689796567  -0.801928263679714  -0.132530835712799  0.166900921879283
37473 25 17331 25 0 -0.661889212058851  0.498737994009755   -0.502032572445815  -0.259138093877191  -0.0538690778234315
33232 7 6342 6 3 -0.374462716658460  -0.674018681218217  -0.498262158361847  -0.674787148570753  -0.204767824988574
32188 69 24260 69 3 -0.564343934229151  0.164034964349548   0.184966387474340   0.478219149438760   -0.340529223242767
31611 5 9140 1 3 0.514404207306316   -0.135345657660647  0.137574293233602   0.128342947724218   -0.181123963860706
30029 4 3635 1 3 -0.614080917065765  -0.277956959892865  0.703797673300296   -0.241522925965009  0.158775951805176
28534 11 5060 3 3 0.231386373023744   0.470639416194288   -0.467378988944626  0.0517596930796716  -0.206944089904919
28516 1 9423 1 3 -0.614080917065765  -0.277956959892865  0.703797673300296   -0.241522925965009  0.158775951805176
27053 8 2661 1 3 0.434048201901366   0.615675739917035   -0.0276978800250962 -0.216050434693189  -0.420196102109368
25368 11 3783 2 0 -0.419827401262988  0.657339829203030   0.00361001194673442 -0.463832069507953  -0.276476693917137
24751 2 7161 2 3 -0.421899249002737  -0.0117416421100104 0.610328865400201   -0.199863838599733  1.09804301844235
23868 4 9047 4 3 0.539122991592779   -0.311800972805044  0.00155928963193930 -0.146103237360876  -0.339540698524115
23043 25 12759 25 3 -0.737836063397683  -0.225810366279603  0.787918246538336   0.0856973710483124  0.0916255247215099
22620 1 1303 1 3 0.454694102219432   -0.539227455359815  -0.393555046732015  -0.152559328670897  -0.190070498517396
22555 10 2964 2 0 -0.328666212806739  -0.599274506870492  -0.387437016524015  -0.442468126759453  -0.00498428126560207
21770 6 4919 4 3 0.692908933583259   0.178833810610263   0.0153405286402125  0.0999950253998488  0.680325132288104
