31424003 1298 204961 6 0 0.434048201901366   0.615675739917035   -0.0276978800250962 -0.216050434693189  -0.420196102109368 221625159.0
30703100 2469 13585915 2468 1 0.610968953726045   -0.265572951181922  0.506197625301896   0.252879612576553   -0.140187570814307 169705587.0
28842237 2781 9783603 2781 0 0.503676647850362   -0.166976239308489  0.196296957563269   0.180422490012741   -0.179046928729794 35389274.7
12096300 759 270877 6 0 0.546174688936524   -0.284940935991071  0.479912628301916   0.286827964174949   -0.122385859332036 238434.0
7791979 2676 3921742 2676 1 -0.716639477271916  0.499354253179431   -0.694972446050108  -0.000624396389346706   0.0403959558458045 38212977.5
5883132 333 2509808 317 2 -0.614080917065765  -0.277956959892865  0.703797673300296   -0.241522925965009  0.158775951805176 405182.0
5209580 496 313751 21 1 0.650425707550575   0.130561817303721   0.304451211254264   0.552207302673628   0.672101370979089 7122998.8
3769873 356 180801 5 0 -0.419827401262988  0.657339829203030   0.00361001194673442 -0.463832069507953  -0.276476693917137 688363.0
3494070 83 473882 62 0 0.514404207306316   -0.135345657660647  0.137574293233602   0.128342947724218   -0.181123963860706 62985.0
2880537 199 71712 3 3 0.434048201901366   0.615675739917035   -0.0276978800250962 -0.216050434693189  -0.420196102109368 383179.0
2788984 105 126321 5 0 -0.614080917065765  -0.277956959892865  0.703797673300296   -0.241522925965009  0.158775951805176 42117.0
2472695 180 1071373 180 3 -0.503694608950552  0.422601176052025   -1.08943420153180   -0.505272140454575  0.789277879779431 734024.0
2262223 138 117276 5 0 0.514404207306316   -0.135345657660647  0.137574293233602   0.128342947724218   -0.181123963860706 876068.0
2225098 157 43608 3 0 0.612552928178309   0.929855208187945   -0.149931644618486  -0.244398357017558  0.441252994039442 6367780.0
1446634 124 100040 10 0 0.434048201901366   0.615675739917035   -0.0276978800250962 -0.216050434693189  -0.420196102109368 902144.0
1264515 195 840506 195 3 0.311742378428694   -0.280381981383394  -0.302106815685928  0.396153075497079   0.0321280483437421 196203.0
1066981 306 74139 5 0 -0.241322674986046  0.971519297473940   -0.118623752646655  -0.492179991832322  0.584972402231673 990327.5
1048143 119 508084 119 3 0.657917612782837   -0.401503302233301  -0.651803814927067  -0.455353436080359  0.512961862968005 268662.0
1021398 227 38856 5 0 0.692908933583259   0.178833810610263   0.0153405286402125  0.0999950253998488  0.680325132288104 38135741.6667
810454 100 131411 23 0 -0.571582875979603  -0.395921656575448  0.987413344038943   -0.135117451802801  0.215437021202934 1418264.0
705908 608 48024 17 0 0.434048201901366   0.615675739917035   -0.0276978800250962 -0.216050434693189  -0.420196102109368 20609869.0
703232 29 54915 3 2 0.344547150383702   0.0723759993311040  0.0315619979048944  0.722914792597907   -0.286653216797527 3048494.0
507324 231 320894 231 2 -1.07216876202100   -0.350207773521288  0.208043762973385   0.560008421048043   0.316457084591855 2083657.0
373605 45 24761 2 3 0.514404207306316   -0.135345657660647  0.137574293233602   0.128342947724218   -0.181123963860706 10044298.2
340911 75 97008 34 0 0.610968953726045   -0.265572951181922  0.506197625301896   0.252879612576553   -0.140187570814307 26399735.0
338523 29 23544 2 0 0.612552928178309   0.929855208187945   -0.149931644618486  -0.244398357017558  0.441252994039442 1005168.0
332890 53 84527 19 0 -0.585394747017928  -0.732048233754546  -0.912125786773191  -0.192789189676719  0.223992407290205 21368.0
327452 41 27853 2 3 -0.614080917065765  -0.277956959892865  0.703797673300296   -0.241522925965009  0.158775951805176 7193.5
327167 31 74978 30 3 0.514404207306316   -0.135345657660647  0.137574293233602   0.128342947724218   -0.181123963860706 2996456.0
313770 129 198702 129 3 -0.241322674986046  0.971519297473940   -0.118623752646655  -0.492179991832322  0.584972402231673 93370.0
312706 57 26550 4 0 -0.828162741584288  -0.536467694354501  0.400272039129992   0.147714715088894   0.525398308609456 1089445.0
303187 37 26511 2 3 0.541354080160627   1.01992001131560    -0.232673995129302  0.0743736944342056  0.478426542297757 3776731.33333
276497 80 64315 18 1 -0.614080917065765  -0.277956959892865  0.703797673300296   -0.241522925965009  0.158775951805176 1152594.16667
257706 63 83803 63 0 0.329041742424428   -0.0992241573714810 -0.122708939574172  0.633472255053158   -0.171106926871912 16694554.3333
253941 15 10049 1 3 -0.614080917065765  -0.277956959892865  0.703797673300296   -0.241522925965009  0.158775951805176 230836.0
247159 15 5185 1 3 -0.555512446315509  -0.727335775928657  0.848591335399736   -0.418401487260417  0.189664146061916 815848.0
235037 20 20879 2 3 -0.614080917065765  -0.277956959892865  0.703797673300296   -0.241522925965009  0.158775951805176 135952.5
173948 103 107544 103 0 0.383495254201750   -0.449162652232159  -0.476297397242831  0.166212722780867   -0.152896950259081 9669418.0
151098 23 10564 2 3 -0.614080917065765  -0.277956959892865  0.703797673300296   -0.241522925965009  0.158775951805176 28125.0
143178 12 36639 4 1 0.240210683063661   -0.523435535091250  0.589340235663404   -0.284118087849435  -0.133956480428549 1258392.5
137815 37 28640 15 3 0.301582381537179   -0.0716321066350413 -0.0632365338812463 0.590499997023319   -0.350983276325362 2283276.0
110763 23 4324 1 1 0.239794686098590   -0.319621049178861  0.672489781328465   0.00625870884975423 0.0150565436129459 47074.0
106771 12 17857 2 1 -0.789694971280324  -0.230766712051586  0.903407796379628   0.115825009119671   0.0833101701594026 1826769.5
101196 43 33405 43 1 0.530612948321095   0.485448446395760   0.340925452043197   -0.0915137698408543 -0.379259709062968 2630068.5
75881 9 14287 3 0 -0.546864091693140  -0.572376971719845  0.851398340437280   -0.409563636887894  0.0570202865395258 899639.333333
72078 8 44358 8 1 0.215491898777199   -0.346980219946853  0.725355239265066   -0.00967190276434201    0.0244602542348593 2820.0
59209 51 39751 51 0 -0.419827401262988  0.657339829203030   0.00361001194673442 -0.463832069507953  -0.276476693917137 34273341.5
54915 7 10358 2 3 0.514404207306316   -0.135345657660647  0.137574293233602   0.128342947724218   -0.181123963860706 30411.0
54051 8 5278 1 0 0.610968953726045   -0.265572951181922  0.506197625301896   0.252879612576553   -0.140187570814307 102079.0
46874 4 7017 1 3 0.514404207306316   -0.135345657660647  0.137574293233602   0.128342947724218   -0.181123963860706 2946818.36364
34768 10 16768 8 3 0.514404207306316   -0.135345657660647  0.137574293233602   0.128342947724218   -0.181123963860706 106042.0
33821 14 6302 4 0 0.471142685024049   -0.628675999317795  -0.503752569825492  -0.212817682634816  -0.132979013106474 179110.0
32286 4 6530 2 3 0.514404207306316   -0.135345657660647  0.137574293233602   0.128342947724218   -0.181123963860706 605116.0
30662 3 5422 1 3 -0.722099992767175  -0.283221148483336  1.07963294906234    0.170809979690483   0.0644188654456917 22221.0
25480 15 19836 15 2 -0.241322674986046  0.971519297473940   -0.118623752646655  -0.492179991832322  0.584972402231673 201700.0
