222404450 3773 56215889 3761 2 -1.20622384199759   0.820492827108158   -0.712323242737891  1.06963482762306    -0.451153775105183 165000000.0
200676069 3952 93188384 3952 1 -0.960705403308416  -0.592126900892887  -1.09426461171372   0.535468097116048   0.0820964960610790 160000000.0
191204754 3980 65575105 3845 1 -1.05255015164416   0.652841097511619   -0.811149795517622  0.790749042545517   -0.110855559272573 125000000.0
177002924 4268 49451322 4253 2 -1.16325907315107   0.964500933074304   -0.617524710951752  1.20204962319764    -0.386823715577347 145000000.0
124872350 3340 48002523 3173 1 0.692908933583259   0.178833810610263   0.0153405286402123  0.0999950253998488  0.680325132288103 12000000.0
102427862 3638 32512804 3604 1 -0.699558363882133  -0.785991536593036  -1.08966666907015   -0.00643193379954233    0.196835896020684 34000000.0
92168600 3183 28875635 3090 1 -0.585394747017928  -0.732048233754546  -0.912125786773191  -0.192789189676719  0.223992407290205 50000000.0
91029718 2402 479352 4 1 0.510869085091680   -0.705156302530452  -0.0811744193000726 0.0238531551809565  -0.0555914586312749 14000000.0
83911193 3306 24763752 3205 1 -0.241322674986046  0.971519297473940   -0.118623752646655  -0.492179991832322  0.584972402231673 40000000.0
64251541 3472 19423000 3427 2 -0.889398396255762  1.01947245366940    -0.0951012515214052 0.615467443973020   -0.637249276040110 42000000.0
59700064 3271 25601865 3260 1 0.556902248392479   -0.253310354343229  0.421189963972250   0.234748421886426   -0.124462894462948 22000000.0
59165787 3839 17509407 3826 2 -0.889398396255762  1.01947245366940    -0.0951012515214052 0.615467443973020   -0.637249276040110 50000000.0
56280355 2900 23514615 2885 1 0.214820490278857   -0.251846840214321  -0.422045684976469  0.721815984496389   0.156475170979677 70000000.0
50151543 3113 17005218 3071 2 -0.782092517996502  1.42371672506796    -0.300077366625611  0.905891573100415   0.261373368367014 50000000.0
47602194 3434 17346427 3434 1 -0.601843329822545  -0.642599689796567  -0.801928263679714  -0.132530835712799  0.166900921879283 50000000.0
43037835 2589 14415922 2589 0 -0.601843329822545  -0.642599689796567  -0.801928263679714  -0.132530835712799  0.166900921879283 20000000.0
38934842 3230 8364658 3230 2 -0.824547798810085  0.0968508993891292  -0.0841000157417731 0.870418288845679   -0.282630847865834 13000000.0
36457627 3019 10515659 3019 2 0.546174688936524   -0.284940935991071  0.479912628301916   0.286827964174949   -0.122385859332036 25000000.0
27695246 2648 12005402 2648 0 -0.378871377776278  -0.107247079845179  0.102920709732414   -0.182554839232645  -0.0280489517792183 5000000.0
23438250 2896 13307125 2896 1 0.692908933583259   0.178833810610263   0.0153405286402125  0.0999950253998488  0.680325132288104 20000000.0
19075290 2753 8610441 2753 1 -0.727495689617549  -0.202596391808233  -0.531082156521871  0.653500748011256   0.185864493524767 65000000.0
14618727 1789 6200284 1789 1 0.568470912639883   -0.147608254499340  0.222581954563248   0.146474138414344   -0.196848640212064 7000000.0
14019924 1887 6300147 1825 1 -0.716006946686750  -0.696542992635057  -0.979469145976671  0.0538264201643772  0.139744410609762 16000000.0
10726630 525 106578 4 2 0.514404207306316   -0.135345657660647  0.137574293233602   0.128342947724218   -0.181123963860706 10900000.0
8462027 2658 3747780 2658 2 -0.574076449924863  0.180076455688004   0.186478221710528   0.499960328112479   -0.360157193468355 70000000.0
4438438 600 61845 4 0 0.570579190178564   -0.301274504831285  0.449954920665544   0.304755431576071   -0.0466449239745852 18000000.0
4404154 393 347959 11 0 0.434048201901366   0.615675739917035   -0.0276978800250962 -0.216050434693189  -0.420196102109368 1700000.0
4235151 165 44542 3 2 0.692908933583259   0.178833810610263   0.0153405286402125  0.0999950253998488  0.680325132288104 1000000.0
3591299 753 484401 68 0 0.434048201901366   0.615675739917035   -0.0276978800250962 -0.216050434693189  -0.420196102109368 6000000.0
3430018 124 323743 94 1 -0.419827401262988  0.657339829203030   0.00361001194673442 -0.463832069507953  -0.276476693917137 12700000.0
2589811 45 51431 1 3 -0.527994869607452  -0.155194323803123  0.366467346900328   0.538615473712976   0.0394265696689641 9500000.0
1114423 608 69302 5 0 0.539122991592779   -0.311800972805044  0.00155928963193930 -0.146103237360876  -0.339540698524115 12250000.0
600896 204 155642 120 1 -0.513345117809128  -0.551506668912309  -0.539788037057142  -0.213983707608484  -0.0735076015946858 4000000.0
557236 27 216035 27 3 0.514404207306316   -0.135345657660647  0.137574293233602   0.128342947724218   -0.181123963860706 5000000.0
418392 39 34259 5 1 0.429597164792446   -0.604737715610648  -0.286164528676083  -0.101138825079500  -0.114518124405927 2000000.0
350006 42 24660 3 1 0.692908933583259   0.178833810610263   0.0153405286402125  0.0999950253998488  0.680325132288104 4000000.0
288757 30 32238 8 2 0.0375942705630918  -0.333169654119277  0.841309986330065   0.594305859963630   0.0140696984620226 1000000.0
285863 34 65275 34 1 0.612552928178309   0.929855208187945   -0.149931644618486  -0.244398357017558  0.441252994039442 10000000.0
265452 37 104300 37 0 -0.395108616976526  0.480884514058633   -0.132404991654928  -0.738278254593046  -0.434893428580545 12000000.0
256682 20 7200 1 3 -0.638383704387156  -0.305316130660858  0.756663131236897   -0.257453537579105  0.168179662427090 600000.0
200406 16 14646 2 1 -0.374462716658460  -0.674018681218217  -0.498262158361847  -0.674787148570753  -0.204767824988574 13200000.0
150275 12 3918 1 3 0.514404207306316   -0.135345657660647  0.137574293233602   0.128342947724218   -0.181123963860706 420000.0
125106 142 81172 142 1 -0.349203911553750  -0.0776400770361960 0.170394019441621   -0.0976975084168265 -0.0570325258940631 15000000.0
113067 77 69992 76 3 0.531805310965492   -0.318820614594062  0.528580482028181   0.286168925477822   -0.0489105203514791 50000000.0
100035 15 2595 1 0 0.734076300674339   -0.0870700484921130 -0.230871998054927  -0.234709513649164  0.578999883035616 18900000.0
97170 10 12955 2 3 0.514404207306316   -0.135345657660647  0.137574293233602   0.128342947724218   -0.181123963860706 1190000.0
88273 30 15843 2 0 0.573152946260069   0.916289696717418   -0.215893120091505  -0.307514509159658  0.450608597928699 2400000.0
78948 14 4070 2 0 0.502984211665415   -0.248820068399535  0.273729767982829   0.249770461005259   -0.0277536192608742 3000000.0
75143 61 46435 61 3 0.434048201901366   0.615675739917035   -0.0276978800250962 -0.216050434693189  -0.420196102109368 5000000.0
63946 6 5533 1 3 0.514404207306316   -0.135345657660647  0.137574293233602   0.128342947724218   -0.181123963860706 4000000.0
59424 18 18638 2 3 0.399056881100945   0.0353386270734701  -0.694842223592376  -0.771398896173397  -0.587559371429466 200000.0
58465 5 2009 1 3 -0.614080917065765  -0.277956959892865  0.703797673300296   -0.241522925965009  0.158775951805176 1000000.0
57474 14 5317 2 3 0.454694102219432   -0.539227455359815  -0.393555046732015  -0.152559328670897  -0.190070498517396 4340000.0
48541 10 5272 2 3 0.434048201901366   0.615675739917035   -0.0276978800250962 -0.216050434693189  -0.420196102109368 7000000.0
30283 8 7191 1 3 0.514404207306316   -0.135345657660647  0.137574293233602   0.128342947724218   -0.181123963860706 10000000.0
30104 15 1926 1 2 0.566694604117078   0.318893489470368   0.0546946757270111  0.421853068507229   0.519903265908947 500000.0
23268 3 3802 1 1 0.638158668370193   0.179450069779939   -0.177599344964081  0.358508722887693   0.774590165957339 60000000.0
