347842467 3885 633456 4 0 -0.545668346950307  -0.808528536967213  -0.489547636247782  0.0438816481390553  0.301379961765404 57004825.7778 58800000.0
257760692 3890 69050279 3775 2 -0.960597244273442  1.10953725679705    -0.177843602032215  0.934239495424780   -0.600075727781794 119793567.0 60000000.0
255119788 3875 54724334 3875 1 -0.655368700497384  0.100799326495174   -0.0286556310424289 0.680975041312892   -0.0578789219588410 131188144.222 250000000.0
233921534 4001 90823660 3996 1 -0.960705403308408  -0.592126900892893  -1.09426461171372   0.535468097116044   0.0820964960610826 128342120.429 200000000.0
208545589 3969 72611427 3967 1 0.137868656477605   -0.738207081921052  -1.01077703794850   0.301608054979139   -0.00397499758246788 882710.0 170000000.0
150157400 3311 49033915 3279 0 -0.419827401262989  0.657339829203030   0.00361001194673483 -0.463832069507952  -0.276476693917137 59398005.6667 18000000.0
134938200 2867 41516170 2663 1 -0.622489230140612  0.512303505480282   -0.436071096972795  -0.196021941735092  -0.0632246817126891 37931869.0 25000000.0
131538435 3975 39327869 3948 3 -0.889398396255761  1.01947245366940    -0.0951012515214073 0.615467443973021   -0.637249276040111 161317423.0 103000000.0
113528675 3914 17100520 3785 2 -0.861939035368513  0.991880402932956   -0.154573657214330  0.658439702002860   -0.457372926586660 70435851.125 127000000.0
101200044 3571 43720472 3567 1 0.0670439218070330  -0.175965889641228  -0.416902281422975  0.877794752448746   -0.0255198662049390 40000353.3333 125000000.0
91443253 3048 22522221 2417 2 0.514404207306316   -0.135345657660647  0.137574293233602   0.128342947724218   -0.181123963860706 85303929.0 12000000.0
86208010 3188 36111775 3154 1 -0.419827401262989  0.657339829203030   0.00361001194673483 -0.463832069507953  -0.276476693917137 39804008.5556 35000000.0
85817906 3313 23702421 3173 0 0.325419320214779   -0.328346131871450  -0.273341858992633  0.466160085186724   0.109946018832105 22159420.0 68000000.0
72688614 3595 29800263 3595 1 -0.786831681357322  -0.134301800355233  -0.385594389451144  0.630013117633983   0.118199541987292 28305026.75 100000000.0
71962800 2856 29816675 2805 0 -0.641243311740785  -0.656165201267094  -0.867889739152733  -0.195646987854898  0.176256525768540 281429.0 9000000.0
66954149 3117 18360230 3088 2 -0.546041730729169  0.797399508063134   0.0429641590335331  -0.141974026400572  -0.436898560296293 47111.0 28000000.0
65014513 3503 24115934 3503 1 0.0670439218070330  -0.175965889641228  -0.416902281422975  0.877794752448746   -0.0255198662049390 23511743.2222 140000000.0
60755732 1860 9217013 780 2 0.514404207306316   -0.135345657660647  0.137574293233602   0.128342947724218   -0.181123963860706 6671816.5 2000000.0
54240821 2167 10979290 2023 2 0.434048201901366   0.615675739917035   -0.0276978800250962 -0.216050434693189  -0.420196102109368 9170214.0 22000000.0
48637684 2253 25649011 2253 0 -0.241322674986046  0.971519297473940   -0.118623752646655  -0.492179991832322  0.584972402231673 25539235.6667 12500000.0
47119388 3003 13116226 3003 0 0.514404207306316   -0.135345657660647  0.137574293233602   0.128342947724218   -0.181123963860706 46714010.8 50000000.0
45090374 3003 12305016 3003 1 0.400240590442111   -0.189288960499137  -0.0399665890633552 0.314700203601394   -0.208280475130227 6165429.0 25000000.0
43139300 3160 16797385 3158 0 -0.417215959551454  0.657755779833805   0.0167415598192604  -0.462968107396665  -0.290991790074852 218628680.0 40000000.0
34296320 2868 11558149 2868 0 0.434048201901366   0.615675739917035   -0.0276978800250962 -0.216050434693189  -0.420196102109368 70435851.125 19800000.0
32462372 2883 18343611 2867 0 -0.438581482863162  -0.511128877544347  -0.428208630233204  -0.463457115627760  -0.0369954864359080 52700241.6667 5000000.0
30577122 3049 9740471 3049 0 -0.438581482863162  -0.511128877544347  -0.428208630233204  -0.463457115627760  -0.0369954864359080 48056940.0 30000000.0
26766213 2936 10003827 2936 1 0.692908933583259   0.178833810610263   0.0153405286402125  0.0999950253998488  0.680325132288104 122879.0 26000000.0
26307600 2714 12758780 2712 0 0.495861469310512   -0.805131314462192  -0.639767573427155  -0.487263867719910  -0.291395747769883 687081.0 28000000.0
26068955 2809 8742109 2809 0 -0.241322674986046  0.971519297473940   -0.118623752646655  -0.492179991832322  0.584972402231673 8828771.0 8000000.0
25352281 775 387618 5 0 0.514404207306316   -0.135345657660647  0.137574293233602   0.128342947724218   -0.181123963860706 4811009.57143 4000000.0
23219748 2658 10340823 2658 1 0.220451710656989   0.0727033183788496  -0.431745527960432  0.900867333715774   0.911481604055339 19773160.4286 100000000.0
18848538 2104 8868318 2104 1 -0.858030529375005  -0.0442369972275772 -0.468336739961961  0.948785169085747   0.155373090245606 9759890.0 70000000.0
17329486 2310 8843875 2310 0 -0.459227383181228  0.643774317732502   -0.0623514635262847 -0.526948221650052  -0.267121090027880 40041683.0 3500000.0
17237855 801 2687227 361 0 -0.399181500944923  -0.497563366073820  -0.362247154760184  -0.400340963485660  -0.0463510903251650 871577.0 15000000.0
15821461 2544 8308220 2544 0 -0.362422794971661  -0.196695623803159  -0.00727681336106327    -0.242813193196565  0.0290425336317032 99770.0 7000000.0
14482031 1408 3001738 1307 1 0.556902248392479   -0.253310354343229  0.421189963972250   0.234748421886426   -0.124462894462948 59475046.1 10000000.0
13371528 2584 5175282 2584 1 0.514404207306316   -0.135345657660647  0.137574293233602   0.128342947724218   -0.181123963860706 20609869.0 18000000.0
12600231 2965 7297694 2965 1 0.638158668370193   0.179450069779939   -0.177599344964081  0.358508722887693   0.774590165957339 94676981.7 60000000.0
10508518 2486 5272444 2486 0 0.276751057628272   -0.860719094226959  -0.969251159253207  -0.159195385983129  -0.135235220976356 22159420.0 35000000.0
2429989 222 45433 4 0 0.517015649017851   -0.134929707029872  0.150705841106128   0.129206909835505   -0.195639060018421 2598242.0 16000000.0
1879534 95 87989 4 0 0.653508951665019   0.165268299139736   -0.0506209468328067 0.0368788732577493  0.689680736177361 766595.333333 7000000.0
1423552 120 30700 2 1 0.514404207306316   -0.135345657660647  0.137574293233602   0.128342947724218   -0.181123963860706 610652.125 9800000.0
1189612 157 501290 152 0 0.415294120301193   -0.552792966830343  -0.459516522205034  -0.215675480812996  -0.180714894628139 505941.5 5000000.0
1064454 133 78480 19 1 0.514404207306316   -0.135345657660647  0.137574293233602   0.128342947724218   -0.181123963860706 51943785.2857 10000000.0
834416 48 21910 2 2 -0.635542782246834  0.254099767477204   0.102224036963524   0.796991200890524   -0.303355674984453 686383.0 7419999.0
293680 15 24768 2 3 0.485703400374796   -0.163245551215574  0.338447613461433   0.553520473338190   -0.0872893462046334 61001.0 3000000.0
58293 18 37440 18 0 0.488114907234933   0.603413143078342   0.0573097813045500  -0.197919244003063  -0.435920778460726 79247.0 5000000.0
56092 4 9280 2 0 0.471142685024049   -0.628675999317795  -0.503752569825492  -0.212817682634816  -0.132979013106474 13005485.0 8000000.0
53895 24 24120 24 3 0.514404207306316   -0.135345657660647  0.137574293233602   0.128342947724218   -0.181123963860706 37543.0 7397879.0
30312 9 7523 4 0 0.434048201901366   0.615675739917035   -0.0276978800250962 -0.216050434693189  -0.420196102109368 117029.25 70000.0
24630 3 8406 1 3 -0.784972264313180  -0.572588561946037  0.606454899449080   0.184772218258584   0.430766068538294 719.0 500000.0
