2179136 347842467 3885 633456 4 132.0 0 0 0 1 1 1 1 0 0 0 0 0 0 0 0 0 0 0 0 0 0 0 0 0 0 0 0 57004825.7778 58800000.0
1490017 257760692 3890 69050279 3775 100.0 0 1 0 0 0 0 0 1 0 1 1 1 1 0 0 0 0 0 0 0 0 0 0 0 0 0 0 119793567.0 60000000.0
2310332 255119788 3875 54724334 3875 144.0 1 0 0 0 0 0 0 1 0 0 0 0 1 0 0 0 0 0 0 0 0 0 0 0 0 0 0 131188144.222 250000000.0
1877832 233921534 4001 90823660 3996 131.0 1 0 0 1 0 1 0 1 1 0 0 0 0 0 0 0 0 0 0 0 0 0 0 0 0 0 0 128342120.429 200000000.0
2245084 222404450 3773 56215889 3761 102.0 0 1 0 1 0 0 0 1 1 1 1 1 0 0 0 0 0 0 0 0 0 0 0 0 0 0 0 -1.0 165000000.0
2103281 208545589 3969 72611427 3967 130.0 1 0 0 1 0 1 0 0 1 0 0 0 0 0 1 0 0 0 0 0 0 0 0 0 0 0 0 882710.0 170000000.0
831387 200676069 3952 93188384 3952 123.0 1 0 0 1 0 1 0 1 1 0 0 0 0 0 0 0 0 0 0 0 0 0 0 0 0 0 0 -1.0 160000000.0
1291150 191204754 3980 65575105 3845 101.0 1 0 0 1 0 0 0 1 1 0 1 0 1 0 0 0 0 0 0 0 0 0 0 0 0 0 0 -1.0 125000000.0
1646971 177002924 4268 49451322 4253 102.0 0 1 0 1 0 0 0 1 0 1 1 1 1 0 0 0 0 0 0 0 0 0 0 0 0 0 0 -1.0 145000000.0
2004420 150157400 3311 49033915 3279 97.0 0 0 0 0 0 0 0 0 0 0 1 0 0 0 0 0 0 0 0 0 0 0 0 0 0 0 0 59398005.6667 18000000.0
1408253 134938200 2867 41516170 2663 99.0 1 0 0 1 0 0 0 0 0 0 1 0 0 0 0 0 0 0 0 0 0 0 0 0 0 0 0 37931869.0 25000000.0
2357291 131538435 3975 39327869 3948 101.0 0 0 1 0 0 0 0 1 0 1 1 1 0 0 0 0 0 0 0 0 0 0 0 0 0 0 0 161317423.0 103000000.0
2582846 124872350 3340 48002523 3173 126.0 1 0 0 0 0 0 0 0 0 0 0 0 0 1 1 0 0 0 0 0 0 0 0 0 0 0 0 -1.0 12000000.0
2692250 113528675 3914 17100520 3785 98.0 0 1 0 0 0 0 0 1 0 0 1 1 1 0 0 0 0 0 0 0 0 0 0 0 0 0 0 70435851.125 127000000.0
1790864 102427862 3638 32512804 3604 113.0 1 0 0 1 0 1 0 0 1 0 0 0 0 0 0 0 1 0 0 0 0 0 0 0 0 0 0 -1.0 34000000.0
1959490 101200044 3571 43720472 3567 138.0 1 0 0 1 0 0 0 1 0 0 0 0 0 0 1 0 0 0 0 0 0 0 0 0 0 0 0 40000353.3333 125000000.0
2024469 92168600 3183 28875635 3090 106.0 1 0 0 1 0 1 0 0 0 0 0 0 0 0 0 0 1 0 0 0 0 0 0 0 0 0 0 -1.0 50000000.0
1929263 91443253 3048 22522221 2417 99.0 0 1 0 0 0 0 0 0 0 0 0 0 0 0 1 0 0 0 0 0 0 0 0 0 0 0 0 85303929.0 12000000.0
2084970 91029718 2402 479352 4 114.0 1 0 0 0 1 1 1 0 0 0 0 0 0 0 1 0 0 0 0 0 0 0 0 0 0 0 0 -1.0 14000000.0
2096672 86208010 3188 36111775 3154 109.0 1 0 0 0 0 0 0 0 0 0 1 0 0 0 0 0 0 0 0 0 0 0 0 0 0 0 0 39804008.5556 35000000.0
2713180 85817906 3313 23702421 3173 134.0 0 0 0 1 0 0 1 0 0 0 0 0 0 0 1 0 0 0 0 0 0 0 0 0 0 0 0 22159420.0 68000000.0
2203939 83911193 3306 24763752 3205 109.0 1 0 0 0 0 0 0 0 0 0 1 0 0 1 0 0 0 0 0 0 0 0 0 0 0 0 0 -1.0 40000000.0
1267297 72688614 3595 29800263 3595 98.0 1 0 0 1 0 0 0 1 0 0 0 0 0 0 0 0 0 0 0 0 0 0 0 0 0 0 0 28305026.75 100000000.0
2975578 71962800 2856 29816675 2805 103.0 0 0 0 1 0 1 0 0 0 0 0 0 0 0 0 0 0 0 0 1 0 0 0 0 0 0 0 281429.0 9000000.0
1698641 66954149 3117 18360230 3088 81.0 0 1 0 0 0 0 0 0 0 0 1 1 0 0 0 0 0 0 0 0 0 0 0 0 0 0 0 47111.0 28000000.0
1528100 65014513 3503 24115934 3503 150.0 1 0 0 1 0 0 0 1 0 0 0 0 0 0 1 0 0 0 0 0 0 0 0 0 0 0 0 23511743.2222 140000000.0
1821658 64251541 3472 19423000 3427 85.0 0 1 0 0 0 0 0 1 0 1 1 1 0 0 0 0 0 0 0 0 0 0 0 0 0 0 0 -1.0 42000000.0
2528814 60755732 1860 9217013 780 113.0 0 1 0 0 0 0 0 0 0 0 0 0 0 0 1 0 0 0 0 0 0 0 0 0 0 0 0 6671816.5 2000000.0
3210686 59700064 3271 25601865 3260 138.0 1 0 0 0 1 0 0 0 0 0 0 0 0 0 1 0 0 0 0 0 0 0 0 0 0 0 0 -1.0 22000000.0
2980706 59165787 3839 17509407 3826 83.0 0 1 0 0 0 0 0 1 0 1 1 1 0 0 0 0 0 0 0 0 0 0 0 0 0 0 0 -1.0 50000000.0
829150 56280355 2900 23514615 2885 92.0 1 0 0 1 0 0 1 0 0 0 0 0 1 0 1 0 0 0 0 1 0 0 0 0 0 0 0 -1.0 70000000.0
2980648 54240821 2167 10979290 2023 122.0 0 1 0 0 0 0 0 0 0 0 1 0 0 0 1 0 0 0 0 0 0 0 0 0 0 0 0 9170214.0 22000000.0
2262227 50151543 3113 17005218 3071 95.0 0 1 0 0 0 0 0 1 0 1 1 1 1 1 0 0 0 0 0 0 0 0 0 0 0 0 0 -1.0 50000000.0
1826590 48637684 2253 25649011 2253 100.0 0 0 0 0 0 0 0 0 0 0 1 0 0 1 0 0 0 0 0 0 0 0 0 0 0 0 0 25539235.6667 12500000.0
2106361 47602194 3434 17346427 3434 89.0 1 0 0 1 0 1 0 0 0 0 0 0 0 0 0 0 0 0 0 0 0 0 0 0 0 0 0 -1.0 50000000.0
1872194 47119388 3003 13116226 3003 141.0 0 0 0 0 0 0 0 0 0 0 0 0 0 0 1 0 0 0 0 0 0 0 0 0 0 0 0 46714010.8 50000000.0
435651 45090374 3003 12305016 3003 97.0 1 0 0 0 0 0 0 0 1 0 0 0 0 0 1 0 0 0 0 0 0 0 0 0 0 0 0 6165429.0 25000000.0
2557490 43139300 3160 16797385 3158 116.0 0 0 0 0 0 0 0 0 0 0 1 0 0 0 0 0 0 0 0 0 0 0 1 0 0 0 0 218628680.0 40000000.0
2911666 43037835 2589 14415922 2589 101.0 0 0 0 1 0 1 0 0 0 0 0 0 0 0 0 0 0 0 0 0 0 0 0 0 0 0 0 -1.0 20000000.0
2183034 38934842 3230 8364658 3230 91.0 0 1 0 0 0 0 0 1 1 0 0 1 0 0 0 0 0 0 0 0 0 0 0 0 0 0 0 -1.0 13000000.0
1647668 36457627 3019 10515659 3019 124.0 0 1 0 0 1 0 0 0 0 0 0 0 0 0 1 0 0 0 1 0 0 0 0 0 0 0 0 -1.0 25000000.0
1371150 34296320 2868 11558149 2868 103.0 0 0 0 0 0 0 0 0 0 0 1 0 0 0 1 0 0 0 0 0 0 0 0 0 0 0 0 70435851.125 19800000.0
2473682 32462372 2883 18343611 2867 84.0 0 0 0 0 0 1 0 0 0 0 0 0 0 0 0 0 0 0 0 1 0 0 0 0 0 0 0 52700241.6667 5000000.0
2883512 31424003 1298 204961 6 114.0 0 0 0 0 0 0 0 0 0 0 1 0 0 0 1 0 0 0 0 0 0 0 0 0 0 0 0 221625159.0 -1
2473602 30703100 2469 13585915 2468 139.0 1 0 0 0 1 0 0 0 0 0 0 0 0 0 1 0 0 0 0 0 0 1 0 0 0 0 0 169705587.0 -1
2377322 30577122 3049 9740471 3049 118.0 0 0 0 0 0 1 0 0 0 0 0 0 0 0 0 0 0 0 0 1 0 0 0 0 0 0 0 48056940.0 30000000.0
2223990 28842237 2781 9783603 2781 110.0 0 0 0 0 0 0 0 0 0 0 0 0 0 0 1 0 0 0 1 0 0 0 0 0 0 0 0 35389274.7 -1
2388715 27695246 2648 12005402 2648 104.0 0 0 0 0 0 0 0 0 0 0 0 0 0 0 0 0 0 0 0 1 0 0 0 0 0 0 0 -1.0 5000000.0
1972779 26766213 2936 10003827 2936 118.0 1 0 0 0 0 0 0 0 0 0 0 0 0 1 1 0 0 0 0 0 0 0 0 0 0 0 0 122879.0 26000000.0
365907 26307600 2714 12758780 2712 114.0 0 0 0 0 0 1 0 0 0 0 0 0 0 0 1 1 1 0 0 0 0 0 0 0 0 0 0 687081.0 28000000.0
1800246 26068955 2809 8742109 2809 94.0 0 0 0 0 0 0 0 0 0 0 1 0 0 1 0 0 0 0 0 0 0 0 0 0 0 0 0 8828771.0 8000000.0
1065073 25352281 775 387618 5 165.0 0 0 0 0 0 0 0 0 0 0 0 0 0 0 1 0 0 0 0 0 0 0 0 0 0 0 0 4811009.57143 4000000.0
2318092 23438250 2896 13307125 2896 104.0 1 0 0 0 0 0 0 0 0 0 0 0 0 1 1 0 0 0 0 0 0 0 0 0 0 0 0 -1.0 20000000.0
1921064 23219748 2658 10340823 2658 105.0 1 0 0 1 0 0 0 1 0 0 0 0 0 1 1 0 0 0 0 0 1 0 0 0 0 0 0 19773160.4286 100000000.0
2870612 21321100 2650 8632820 2640 93.0 0 0 0 0 0 1 0 0 0 0 0 0 0 0 0 0 1 0 0 1 0 0 0 0 0 0 0 -1.0 -1
1418377 19075290 2753 8610441 2753 92.0 1 0 0 1 0 0 0 0 1 0 0 0 1 0 0 0 0 0 0 0 0 0 0 0 0 0 0 -1.0 65000000.0
1043726 18848538 2104 8868318 2104 99.0 1 0 0 1 0 0 0 1 0 0 0 0 1 0 0 0 0 0 0 0 0 0 0 0 0 0 0 9759890.0 70000000.0
2205401 17390770 1037 7485346 846 106.0 0 0 0 0 0 1 0 0 0 0 0 0 0 0 1 0 0 0 0 0 0 0 0 0 0 0 0 -1.0 -1
2828996 17329486 2310 8843875 2310 86.0 0 0 0 0 0 0 0 0 0 0 1 0 0 0 0 0 0 0 0 1 0 0 0 0 0 0 0 40041683.0 3500000.0
1972571 17237855 801 2687227 361 122.0 0 0 0 0 0 1 0 0 0 0 0 0 0 0 0 0 0 0 0 0 0 0 0 0 0 0 0 871577.0 15000000.0
2752758 15821461 2544 8308220 2544 89.0 0 0 0 0 0 0 0 0 0 0 0 0 0 0 0 0 1 0 0 1 0 0 0 0 0 0 0 99770.0 7000000.0
3125324 14618727 1789 6200284 1789 116.0 1 0 0 0 0 0 0 0 0 0 0 0 0 0 1 0 0 0 0 0 0 1 0 0 0 0 0 -1.0 7000000.0
1126590 14482031 1408 3001738 1307 106.0 1 0 0 0 1 0 0 0 0 0 0 0 0 0 1 0 0 0 0 0 0 0 0 0 0 0 0 59475046.1 10000000.0
2467046 14019924 1887 6300147 1825 110.0 1 0 0 1 0 1 0 0 1 0 0 0 0 0 0 0 0 0 0 0 0 0 0 0 0 0 0 -1.0 16000000.0
1967545 13371528 2584 5175282 2584 111.0 1 0 0 0 0 0 0 0 0 0 0 0 0 0 1 0 0 0 0 0 0 0 0 0 0 0 0 20609869.0 18000000.0
1837709 12600231 2965 7297694 2965 118.0 1 0 0 0 0 0 0 0 0 0 0 0 1 1 1 0 1 0 0 0 0 0 0 0 0 0 0 94676981.7 60000000.0
1100089 12096300 759 270877 6 134.0 0 0 0 0 1 0 0 0 0 0 0 0 0 0 1 0 0 0 1 0 0 0 0 0 0 0 0 238434.0 -1
2404181 10726630 525 106578 4 104.0 0 1 0 0 0 0 0 0 0 0 0 0 0 0 1 0 0 0 0 0 0 0 0 0 0 0 0 -1.0 10900000.0
1742334 10508518 2486 5272444 2486 109.0 0 0 0 1 0 1 0 0 0 0 0 0 0 0 1 1 0 0 0 0 0 0 0 0 0 0 0 22159420.0 35000000.0
884726 8462027 2658 3747780 2658 88.0 0 1 0 0 0 0 0 0 0 1 0 1 0 0 0 0 0 1 0 0 0 0 0 0 0 0 0 -1.0 70000000.0
1686821 7791979 2676 3921742 2676 104.0 1 0 0 1 0 0 0 0 0 0 1 0 1 0 0 0 1 0 0 1 0 0 0 0 0 0 0 38212977.5 -1
4003774 5883132 333 2509808 317 78.0 0 1 0 0 0 0 0 0 0 0 0 0 0 0 0 0 0 0 0 0 0 0 0 1 0 0 0 405182.0 -1
1571249 5284309 461 380691 15 93.0 0 0 0 0 0 0 0 0 0 0 1 0 0 0 1 0 0 0 0 0 0 0 0 0 0 0 0 -1.0 -1
2013293 5209580 496 313751 21 126.0 1 0 0 0 1 0 1 0 0 1 0 0 0 1 1 0 0 0 0 0 0 0 0 0 0 0 0 7122998.8 -1
2058107 4438438 600 61845 4 116.0 0 0 0 0 1 0 1 0 0 0 0 0 0 0 1 0 0 0 0 0 0 0 0 0 0 0 0 -1.0 18000000.0
2235108 4404154 393 347959 11 108.0 0 0 0 0 0 0 0 0 0 0 1 0 0 0 1 0 0 0 0 0 0 0 0 0 0 0 0 -1.0 1700000.0
2350496 4235151 165 44542 3 104.0 0 1 0 0 0 0 0 0 0 0 0 0 0 1 1 0 0 0 0 0 0 0 0 0 0 0 0 -1.0 1000000.0
2473794 3958500 120 109000 5 150.0 0 0 0 0 1 0 0 0 0 0 0 0 0 0 1 0 0 0 0 0 1 0 0 0 0 0 0 -1.0 -1
2258345 3769873 356 180801 5 90.0 0 0 0 0 0 0 0 0 0 0 1 0 0 0 0 0 0 0 0 0 0 0 0 0 0 0 0 688363.0 -1
2234003 3600006 322 74149 4 102.0 0 0 0 0 0 0 0 0 0 0 0 0 0 0 1 0 0 0 0 0 0 0 0 0 0 0 0 -1.0 -1
2870708 3591299 753 484401 68 106.0 0 0 0 0 0 0 0 0 0 0 1 0 0 0 1 0 0 0 0 0 0 0 0 0 0 0 0 -1.0 6000000.0
3612616 3494070 83 473882 62 139.0 0 0 0 0 0 0 0 0 0 0 0 0 0 0 1 0 0 0 0 0 0 0 0 0 0 0 0 62985.0 -1
2319580 3430018 124 323743 94 113.0 1 0 0 0 0 0 0 0 0 0 1 0 0 0 0 0 0 0 0 0 0 0 0 0 0 0 0 -1.0 12700000.0
412253 3322127 347 1988351 291 60.0 0 0 1 0 0 0 0 0 0 0 0 0 0 0 1 1 1 0 0 0 0 0 0 0 0 0 0 -1.0 -1
2967006 2880537 199 71712 3 108.0 0 0 1 0 0 0 0 0 0 0 1 0 0 0 1 0 0 0 0 0 0 0 0 0 0 0 0 383179.0 -1
4044364 2788984 105 126321 5 114.0 0 0 0 0 0 0 0 0 0 0 0 0 0 0 0 0 0 0 0 0 0 0 0 1 0 0 0 42117.0 -1
4203402 2783970 410 992087 410 41.0 0 0 1 0 0 0 0 0 0 0 1 0 0 0 0 0 0 0 0 0 0 0 0 0 0 1 0 -1.0 -1
2265171 2627209 954 165292 7 150.0 0 0 0 1 0 1 0 0 0 0 0 0 0 0 0 1 0 0 0 0 0 0 0 0 0 0 0 -1.0 -1
3541262 2589811 45 51431 1 126.0 0 0 1 0 1 0 1 1 0 0 0 0 0 0 0 0 0 0 0 0 0 0 0 0 0 0 0 -1.0 9500000.0
2905838 2546172 271 1278690 271 153.0 0 0 1 1 0 1 0 1 0 0 1 0 0 1 0 0 0 0 0 0 0 0 0 0 0 0 0 -1.0 -1
2372222 2472695 180 1071373 180 146.0 0 0 1 1 0 1 0 0 0 0 1 0 0 1 0 0 0 0 0 0 0 0 0 0 0 0 0 734024.0 -1
2398231 2429989 222 45433 4 122.0 0 0 0 0 0 0 0 0 0 0 0 0 0 0 1 0 0 0 0 0 0 0 1 0 0 0 0 2598242.0 16000000.0
2639344 2262223 138 117276 5 94.0 0 0 0 0 0 0 0 0 0 0 0 0 0 0 1 0 0 0 0 0 0 0 0 0 0 0 0 876068.0 -1
2372678 2238174 137 1073898 135 149.0 0 0 1 0 0 0 0 0 0 0 1 0 0 1 1 0 0 0 0 0 0 0 0 0 0 0 0 -1.0 -1
2392326 2225098 157 43608 3 93.0 0 0 0 0 0 0 0 0 0 0 1 0 0 1 1 0 0 0 0 0 0 0 0 0 0 0 0 6367780.0 -1
1714915 1879534 95 87989 4 123.0 0 0 0 0 0 0 0 0 0 0 0 0 0 1 1 0 0 0 0 1 0 0 0 0 0 0 0 766595.333333 7000000.0
3089388 1671377 129 49777 4 80.0 1 0 0 0 0 0 0 0 0 0 0 0 0 0 0 0 0 0 0 0 1 0 0 1 0 0 0 -1.0 -1
1761005 1558836 736 851391 736 91.0 1 0 0 1 0 1 0 0 0 0 0 0 0 0 1 0 1 0 0 0 0 0 0 0 0 0 0 -1.0 -1
2714900 1514782 97 63600 3 83.0 0 0 1 0 1 0 0 0 0 0 0 0 0 0 0 0 1 0 0 0 0 0 0 1 0 0 0 -1.0 -1
3169706 1446634 124 100040 10 119.0 0 0 0 0 0 0 0 0 0 0 1 0 0 0 1 0 0 0 0 0 0 0 0 0 0 0 0 902144.0 -1
2737050 1423552 120 30700 2 95.0 1 0 0 0 0 0 0 0 0 0 0 0 0 0 1 0 0 0 0 0 0 0 0 0 0 0 0 610652.125 9800000.0
2692904 1375769 121 81006 4 85.0 0 0 0 0 0 0 0 0 0 0 0 0 0 0 1 0 0 0 0 0 0 0 0 0 0 0 0 -1.0 -1
3630276 1359497 68 23309 2 120.0 0 0 0 0 0 0 0 0 0 0 0 0 0 0 1 0 0 0 0 0 0 0 0 0 0 0 0 -1.0 -1
1188982 1264515 195 840506 195 135.0 0 0 1 1 0 0 0 0 0 0 0 0 0 0 1 0 0 0 0 0 0 0 0 0 0 0 0 196203.0 -1
2012665 1189612 157 501290 152 90.0 0 0 0 0 0 1 0 0 0 0 0 0 0 0 1 0 0 0 0 1 0 0 0 0 0 0 0 505941.5 5000000.0
2345737 1114423 608 69302 5 103.0 0 0 0 0 0 0 0 0 0 0 0 0 0 0 1 1 0 0 0 0 0 0 0 0 0 0 0 -1.0 12250000.0
2802154 1092800 80 15200 2 140.0 0 0 0 0 0 0 0 0 0 0 0 0 0 0 1 0 0 0 0 0 0 0 0 0 0 0 0 -1.0 -1
2034031 1066981 306 74139 5 99.0 0 0 0 0 0 0 0 0 0 0 1 0 0 1 0 0 0 0 0 0 0 0 0 0 0 0 0 990327.5 -1
1777595 1064454 133 78480 19 110.0 1 0 0 0 0 0 0 0 0 0 0 0 0 0 1 0 0 0 0 0 0 0 0 0 0 0 0 51943785.2857 10000000.0
3390572 1048143 119 508084 119 160.0 0 0 1 0 0 1 0 0 0 0 0 0 0 1 1 1 0 0 0 0 0 0 0 0 0 0 0 268662.0 -1
2343793 1021398 227 38856 5 137.0 0 0 0 0 0 0 0 0 0 0 0 0 0 1 1 0 0 0 0 0 0 0 0 0 0 0 0 38135741.6667 -1
4268804 1013945 308 510846 308 26.0 0 0 1 0 0 0 0 0 0 0 0 0 0 0 0 0 0 0 0 0 0 0 0 0 1 0 0 -1.0 -1
1515208 923261 258 331855 258 124.0 1 0 0 1 0 0 1 0 0 0 0 0 0 1 1 0 0 0 0 0 1 0 0 0 0 0 0 -1.0 -1
1865505 834416 48 21910 2 93.0 0 1 0 0 0 0 0 0 0 1 0 1 1 0 0 0 0 0 0 0 0 0 0 0 0 0 0 686383.0 7419999.0
2382298 810454 100 131411 23 120.0 0 0 0 0 1 0 0 0 0 0 0 0 0 0 0 0 0 0 0 0 0 0 0 1 0 0 0 1418264.0 -1
3890264 777896 24 230204 20 116.0 0 0 1 0 0 0 0 0 0 0 1 0 0 1 1 0 0 0 0 0 0 0 0 0 0 0 0 -1.0 -1
2479800 767732 57 63461 4 100.0 0 0 0 0 0 0 0 0 0 0 0 0 0 0 1 0 0 0 0 0 0 0 0 0 0 0 0 -1.0 -1
3283556 727594 73 34319 4 95.0 0 0 0 0 0 0 0 1 0 0 1 0 0 0 0 0 0 0 0 0 0 0 0 0 0 0 0 -1.0 -1
2707858 723593 24 24207 2 106.0 0 0 0 0 1 0 0 0 0 0 0 0 0 0 1 0 0 0 0 0 0 0 0 0 0 0 0 -1.0 -1
3554418 710508 61 345085 57 130.0 0 0 1 0 0 0 0 0 0 0 1 0 0 1 0 0 0 0 0 0 0 0 0 0 0 0 0 -1.0 -1
2556308 706893 144 394797 144 170.0 0 0 1 1 0 1 0 0 0 0 0 0 0 1 1 0 1 0 0 0 0 0 0 0 0 0 0 -1.0 -1
3179568 705908 608 48024 17 119.0 0 0 0 0 0 0 0 0 0 0 1 0 0 0 1 0 0 0 0 0 0 0 0 0 0 0 0 20609869.0 -1
2576852 703232 29 54915 3 137.0 0 1 0 0 0 0 0 0 0 1 0 0 1 0 1 0 0 0 0 0 0 0 0 0 0 0 0 3048494.0 -1
1221208 695876 171 350647 171 101.0 0 0 0 0 1 0 0 0 0 0 0 0 0 0 1 0 0 0 0 0 0 0 0 0 0 0 0 -1.0 -1
1935156 647280 61 36018 3 88.0 1 0 0 0 0 0 0 0 0 0 0 0 0 0 0 0 0 0 0 0 0 0 0 1 0 0 0 -1.0 -1
1605717 645186 75 16056 1 95.0 0 0 0 0 0 0 0 0 0 0 1 0 0 0 1 0 1 0 0 0 0 1 0 0 0 0 0 -1.0 -1
2910814 600896 204 155642 120 97.0 1 0 0 0 0 1 0 0 1 0 0 0 0 0 0 0 0 0 0 0 0 0 0 0 0 0 0 -1.0 4000000.0
3729920 587774 139 66941 4 123.0 0 0 0 0 0 0 0 0 0 0 0 0 0 0 1 0 0 0 0 0 0 0 0 0 0 0 0 -1.0 -1
3404140 557236 27 216035 27 127.0 0 0 1 0 0 0 0 0 0 0 0 0 0 0 1 0 0 0 0 0 0 0 0 0 0 0 0 -1.0 5000000.0
3545642 510007 67 21544 4 13.0 0 0 1 0 0 0 0 0 0 0 0 1 0 0 1 0 1 0 0 0 0 0 0 0 1 0 0 -1.0 -1
1976000 507463 59 43116 6 96.0 1 0 0 0 0 1 0 0 0 0 0 0 0 0 0 0 0 0 0 0 0 0 0 0 0 0 0 -1.0 -1
2872570 507324 231 320894 231 90.0 0 1 0 1 0 0 0 1 0 0 0 0 0 0 0 0 0 0 1 0 0 0 0 1 0 0 0 2083657.0 -1
3906444 430760 20 144720 20 106.0 0 0 1 0 0 0 0 0 0 0 0 0 0 1 1 0 0 0 0 0 0 0 0 0 0 0 0 -1.0 -1
3505950 428318 12 140106 9 121.0 0 0 1 0 0 0 0 0 0 0 0 0 0 1 1 0 0 0 0 0 0 0 0 0 0 0 0 -1.0 -1
1847746 418392 39 34259 5 93.0 1 0 0 0 0 1 0 0 0 0 0 0 0 0 1 0 0 0 0 0 1 0 0 0 0 0 0 -1.0 2000000.0
2406252 373605 45 24761 2 96.0 0 0 1 0 0 0 0 0 0 0 0 0 0 0 1 0 0 0 0 0 0 0 0 0 0 0 0 10044298.2 -1
1839642 350006 42 24660 3 92.0 1 0 0 0 0 0 0 0 0 0 0 0 0 1 1 0 0 0 0 0 0 0 0 0 0 0 0 -1.0 4000000.0
1911553 342667 19 11290 1 84.0 1 0 0 0 0 0 0 0 0 0 1 0 0 0 0 0 0 0 0 0 0 0 0 0 0 0 0 -1.0 -1
2402085 340911 75 97008 34 118.0 0 0 0 0 1 0 0 0 0 0 0 0 0 0 1 0 0 0 0 0 0 1 0 0 0 0 0 26399735.0 -1
1937118 338523 29 23544 2 117.0 0 0 0 0 0 0 0 0 0 0 1 0 0 1 1 0 0 0 0 0 0 0 0 0 0 0 0 1005168.0 -1
3319508 335808 19 10505 1 92.0 0 0 1 0 0 0 0 0 0 0 0 0 0 0 0 0 0 0 0 0 1 0 0 1 0 0 0 -1.0 -1
3059400 334616 35 16044 2 43.0 0 0 1 0 0 0 0 0 0 0 0 0 0 0 1 0 0 0 0 0 0 0 0 0 0 0 0 -1.0 -1
2980592 332890 53 84527 19 99.0 0 0 0 1 0 1 0 0 0 0 0 0 0 0 0 0 1 0 0 0 0 0 0 0 0 0 0 21368.0 -1
2405792 327452 41 27853 2 81.0 0 0 1 0 0 0 0 0 0 0 0 0 0 0 0 0 0 0 0 0 0 0 0 1 0 0 0 7193.5 -1
2382009 327167 31 74978 30 123.0 0 0 1 0 0 0 0 0 0 0 0 0 0 0 1 0 0 0 0 0 0 0 0 0 0 0 0 2996456.0 -1
2852458 325196 16 27599 2 97.0 0 0 1 0 0 1 0 0 0 0 0 0 0 0 1 0 0 0 0 0 0 0 0 0 0 0 0 -1.0 -1
3017412 313770 129 198702 129 135.0 0 0 1 0 0 0 0 0 0 0 1 0 0 1 0 0 0 0 0 0 0 0 0 0 0 0 0 93370.0 -1
2611026 312706 57 26550 4 93.0 0 0 0 1 0 0 1 0 0 0 0 0 0 0 0 0 0 0 0 0 1 0 0 1 0 0 0 1089445.0 -1
2261434 306917 20 15996 1 85.0 0 0 1 0 0 0 0 0 0 0 0 0 0 0 1 0 0 0 0 0 0 0 0 0 0 0 0 -1.0 -1
2027140 303187 37 26511 2 131.0 0 0 1 0 0 0 0 0 0 0 1 0 1 1 1 0 0 0 0 0 0 0 0 0 0 0 0 3776731.33333 -1
1724965 294039 490 235224 490 96.0 1 0 0 0 0 1 0 1 0 0 0 0 1 1 0 0 1 0 0 1 0 0 0 0 0 0 0 -1.0 -1
2301592 293680 15 24768 2 130.0 0 0 1 0 1 0 0 0 0 0 0 0 1 0 1 0 0 0 0 0 0 0 0 0 0 0 0 61001.0 3000000.0
1832370 290650 16 5800 2 98.0 0 0 1 0 1 0 0 0 0 0 0 0 0 0 0 0 0 0 0 0 0 0 0 1 0 0 0 -1.0 -1
2361700 288757 30 32238 8 91.0 0 1 0 0 1 0 0 1 0 0 0 0 0 0 1 0 0 0 0 0 0 0 0 1 0 0 0 -1.0 1000000.0
2450440 288545 78 25821 2 94.0 0 0 0 0 1 0 0 0 0 0 0 0 0 1 1 0 0 0 0 0 0 0 0 0 0 0 0 -1.0 -1
2113659 285863 34 65275 34 97.0 1 0 0 0 0 0 0 0 0 0 1 0 0 1 1 0 0 0 0 0 0 0 0 0 0 0 0 -1.0 10000000.0
2920540 279558 28 27879 1 97.0 0 0 1 0 0 0 0 0 0 0 0 0 0 0 1 0 0 0 0 0 0 1 0 1 0 0 0 -1.0 -1
2390962 276497 80 64315 18 103.0 1 0 0 0 0 0 0 0 0 0 0 0 0 0 0 0 0 0 0 0 0 0 0 1 0 0 0 1152594.16667 -1
2043933 271755 56 21488 2 112.0 0 0 0 0 0 1 0 0 0 0 0 0 0 0 1 0 0 0 0 0 0 0 0 0 0 0 0 -1.0 -1
4242844 271734 17 67967 17 135.0 0 0 1 0 0 0 0 0 0 0 1 0 0 0 0 0 0 0 0 0 0 0 0 0 0 0 0 -1.0 -1
2234261 266588 121 26420 40 94.0 1 0 0 0 0 0 0 0 0 0 1 0 0 0 0 0 0 0 0 0 0 0 0 0 0 0 0 -1.0 -1
1663207 265452 37 104300 37 98.0 0 0 0 0 0 0 0 0 0 0 1 0 0 0 0 1 0 0 0 0 0 0 0 0 0 0 0 -1.0 12000000.0
2359024 258384 61 32608 7 90.0 0 0 0 0 0 1 0 0 0 0 0 0 0 0 1 1 0 0 0 0 0 0 0 0 0 0 0 -1.0 -1
2333804 257706 63 83803 63 107.0 0 0 0 0 0 0 0 0 1 0 0 0 1 0 1 0 0 0 0 0 0 0 0 0 0 0 0 16694554.3333 -1
403935 256872 125 171795 125 144.0 0 0 1 1 0 1 0 0 0 0 1 0 0 1 1 0 0 0 0 0 0 0 0 0 0 0 0 -1.0 -1
2593392 256682 20 7200 1 78.0 0 0 1 0 0 0 0 0 0 0 0 0 0 0 0 0 0 0 0 0 0 0 0 1 0 0 1 -1.0 600000.0
3720794 253941 15 10049 1 180.0 0 0 1 0 0 0 0 0 0 0 0 0 0 0 0 0 0 0 0 0 0 0 0 1 0 0 0 230836.0 -1
3402110 251555 11 24106 1 147.0 0 0 1 0 0 0 0 0 0 0 0 0 0 0 1 1 0 0 0 0 0 0 0 0 0 0 0 -1.0 -1
2960450 247159 15 5185 1 120.0 0 0 1 0 1 0 0 0 0 0 0 0 0 0 0 1 1 0 0 0 1 0 0 1 0 0 0 815848.0 -1
2332883 235659 304 149879 304 90.0 0 1 0 0 0 0 0 0 0 0 0 0 0 0 0 0 0 0 0 0 0 0 0 1 0 0 0 -1.0 -1
3654964 235037 20 20879 2 89.0 0 0 1 0 0 0 0 0 0 0 0 0 0 0 0 0 0 0 0 0 0 0 0 1 0 0 0 135952.5 -1
3074780 213064 46 23017 4 85.0 0 0 0 0 1 0 0 0 0 0 0 0 0 0 0 0 0 0 0 0 0 0 0 1 0 0 0 -1.0 -1
3667798 208959 12 62717 12 114.0 0 0 1 0 0 0 0 0 0 0 1 0 0 0 0 0 0 0 0 0 0 0 0 0 0 0 0 -1.0 -1
2011159 200406 16 14646 2 84.0 1 0 0 0 0 1 0 0 0 0 0 0 0 0 0 1 0 0 0 0 0 0 0 0 0 0 0 -1.0 13200000.0
115940 198126 9 12863 2 113.0 0 0 1 0 0 0 0 0 0 0 1 0 0 1 1 0 0 0 0 0 0 0 0 0 0 0 0 -1.0 -1
2759372 190229 10 6319 1 78.0 0 0 1 0 0 0 0 0 0 0 0 0 0 0 1 0 0 0 0 0 0 0 0 1 0 0 0 -1.0 -1
2364975 180590 23 17664 3 102.0 0 0 1 0 0 0 0 0 0 0 0 0 0 0 1 0 0 0 0 0 0 1 0 0 0 0 0 -1.0 -1
1528071 173948 103 107544 103 120.0 0 0 0 0 0 1 0 0 0 0 0 0 1 0 1 0 0 0 0 0 0 0 0 0 0 0 0 9669418.0 -1
3549508 164540 43 23200 2 74.0 0 0 1 0 0 0 0 0 0 0 0 0 0 0 0 0 0 0 0 0 0 0 0 1 0 0 0 -1.0 -1
2674040 163745 9 12930 2 84.0 0 0 0 0 0 0 0 0 0 0 0 0 0 0 0 0 0 0 0 0 0 0 0 1 0 0 0 -1.0 -1
469021 153426 22 12664 3 90.0 0 0 0 0 0 0 0 0 0 0 1 0 0 0 0 0 0 0 0 0 0 0 0 0 0 0 0 -1.0 -1
2125480 151098 23 10564 2 90.0 0 0 1 0 0 0 0 0 0 0 0 0 0 0 0 0 0 0 0 0 0 0 0 1 0 0 0 28125.0 -1
1954701 150275 12 3918 1 83.0 0 0 1 0 0 0 0 0 0 0 0 0 0 0 1 0 0 0 0 0 0 0 0 0 0 0 0 -1.0 420000.0
2925642 143178 12 36639 4 102.0 1 0 0 0 0 0 0 0 0 0 0 0 0 0 1 1 0 0 0 0 0 0 0 1 0 0 1 1258392.5 -1
1745710 140164 11 13744 2 83.0 0 0 1 0 1 0 0 0 0 0 0 0 0 0 0 0 0 0 0 0 1 0 0 1 0 0 0 -1.0 -1
2737310 138991 9 87743 9 75.0 0 0 1 0 0 0 0 0 0 0 1 0 0 0 0 0 0 0 0 0 0 1 0 1 0 0 0 -1.0 -1
1821641 137815 37 28640 15 122.0 0 0 1 0 0 0 0 0 1 1 0 0 0 0 1 0 0 0 0 0 0 0 0 0 0 0 0 2283276.0 -1
3419894 136707 11 49057 11 118.0 0 0 1 0 0 0 0 0 0 0 0 0 0 0 1 1 0 0 0 0 0 0 0 0 0 0 0 -1.0 -1
2515164 134049 17 30 1 90.0 1 0 0 0 0 0 0 0 0 0 0 0 0 0 1 0 0 0 0 0 0 0 0 0 0 0 0 -1.0 -1
1828959 125106 142 81172 142 110.0 1 0 0 0 0 0 0 0 0 0 0 0 0 0 0 0 0 1 0 0 0 0 0 0 0 0 0 -1.0 15000000.0
3576084 116044 7 9427 1 97.0 0 0 1 0 0 0 0 0 0 0 1 0 0 0 1 0 0 0 0 0 0 0 0 0 0 0 0 -1.0 -1
3722118 113276 15 15037 1 101.0 0 0 0 0 0 0 0 0 0 0 0 0 0 0 0 0 0 0 0 0 0 0 0 1 0 0 0 -1.0 -1
2387513 113067 77 69992 76 119.0 0 0 1 0 1 0 0 0 0 0 0 0 0 0 1 0 0 0 0 0 1 0 0 0 0 0 0 -1.0 50000000.0
3263996 110763 23 4324 1 102.0 1 0 0 0 0 0 0 0 0 0 0 0 0 0 1 0 0 0 0 0 0 0 0 1 0 0 0 47074.0 -1
2323836 109630 41 37480 17 99.0 0 0 1 0 0 0 0 0 0 1 0 0 0 0 0 0 0 0 0 0 0 0 0 0 0 0 0 -1.0 -1
3263520 106771 12 17857 2 90.0 1 0 0 0 0 0 0 0 0 0 0 1 0 0 0 0 0 0 0 0 1 0 0 1 0 0 1 1826769.5 -1
1670994 106323 13 12542 7 107.0 0 0 1 0 0 0 0 0 0 0 1 0 0 0 1 0 0 0 0 0 0 0 0 0 0 0 0 -1.0 -1
1702014 101451 14 26334 9 96.0 0 0 1 0 0 0 0 0 0 0 0 0 0 1 1 0 0 0 0 0 0 0 0 0 0 0 0 -1.0 -1
1196956 101196 43 33405 43 103.0 1 0 0 0 1 0 0 0 0 0 1 0 0 0 1 0 0 0 0 0 0 1 0 0 0 0 0 2630068.5 -1
2933292 101074 2 26840 2 84.0 0 0 1 0 0 0 0 1 0 0 0 1 0 0 0 0 0 0 1 0 0 0 0 1 0 0 0 -1.0 -1
1924396 100035 15 2595 1 131.0 0 0 0 0 0 0 0 0 0 0 0 0 0 1 1 1 1 0 0 0 0 0 0 0 0 0 0 -1.0 18900000.0
2187115 97170 10 12955 2 112.0 0 0 1 0 0 0 0 0 0 0 0 0 0 0 1 0 0 0 0 0 0 0 0 0 0 0 0 -1.0 1190000.0
2581244 88273 30 15843 2 89.0 0 0 0 0 0 0 0 0 0 0 1 0 0 1 1 0 0 0 0 1 0 0 0 0 0 0 0 -1.0 2400000.0
2960930 84577 13 9094 1 101.0 0 0 1 0 0 0 0 0 1 0 0 0 0 0 0 0 0 0 0 1 0 0 0 0 0 0 0 -1.0 -1
2420006 82614 21 44108 21 76.0 0 0 1 0 1 0 0 0 0 0 0 0 0 0 0 1 0 0 1 0 0 0 0 1 0 0 0 -1.0 -1
2052015 82312 16 39428 16 88.0 0 0 1 0 0 0 0 0 0 0 0 0 0 0 1 1 0 0 0 0 0 0 0 0 0 0 0 -1.0 -1
1282046 78948 14 4070 2 100.0 0 0 0 0 0 0 1 0 0 0 0 0 0 0 1 0 0 0 0 0 1 0 0 0 0 0 0 -1.0 3000000.0
3326366 75881 9 14287 3 107.0 0 0 0 0 1 0 0 0 0 0 0 0 0 0 0 1 0 0 0 0 0 0 0 1 0 0 0 899639.333333 -1
2659190 75531 6 11500 2 104.0 0 0 1 0 0 0 0 0 0 0 0 0 0 1 1 0 0 0 0 0 0 0 0 0 0 0 0 -1.0 -1
1609479 75143 61 46435 61 91.0 0 0 1 0 0 0 0 0 0 0 1 0 0 0 1 0 0 0 0 0 0 0 0 0 0 0 0 -1.0 5000000.0
3163908 72078 8 44358 8 90.0 1 0 0 0 0 0 0 0 0 0 0 0 0 0 1 0 0 0 0 0 0 0 0 1 0 0 1 2820.0 -1
2316868 70918 24 4246 2 95.0 0 1 0 0 1 0 0 0 0 0 0 0 0 0 1 0 0 0 0 0 1 0 0 0 0 0 0 -1.0 -1
3142366 68598 13 25588 12 84.0 0 0 1 0 0 0 0 0 0 0 0 0 0 0 1 0 0 0 0 0 0 0 0 0 0 0 0 -1.0 -1
2511670 63946 6 5533 1 77.0 0 0 1 0 0 0 0 0 0 0 0 0 0 0 1 0 0 0 0 0 0 0 0 0 0 0 0 -1.0 4000000.0
3697566 63063 13 8329 1 116.0 0 0 1 1 0 0 0 0 0 0 0 0 0 0 1 0 0 0 0 0 0 0 0 0 0 0 0 -1.0 -1
1590013 62506 6 9020 2 126.0 0 0 1 0 1 0 0 0 0 0 0 0 0 0 1 0 0 0 0 0 0 0 0 0 0 0 0 -1.0 -1
2207050 59874 6 3896 1 104.0 0 0 1 0 0 0 0 0 0 0 1 0 0 0 1 0 0 0 0 0 0 0 0 0 0 0 0 -1.0 -1
2510028 59696 14 10962 3 103.0 1 0 0 0 0 0 0 0 0 0 0 0 0 0 1 0 0 0 0 0 0 0 1 0 0 0 0 -1.0 -1
2389182 59424 18 18638 2 88.0 0 0 1 0 0 1 0 0 0 0 1 0 0 0 1 1 0 0 0 0 0 0 0 0 0 0 0 -1.0 200000.0
2463288 59209 51 39751 51 95.0 0 0 0 0 0 0 0 0 0 0 1 0 0 0 0 0 0 0 0 0 0 0 0 0 0 0 0 34273341.5 -1
2518370 58872 49 48643 49 110.0 0 1 0 0 0 0 0 0 0 0 0 1 0 0 1 0 0 0 0 0 0 1 0 0 0 0 0 -1.0 -1
2552316 58465 5 2009 1 89.0 0 0 1 0 0 0 0 0 0 0 0 0 0 0 0 0 0 0 0 0 0 0 0 1 0 0 0 -1.0 1000000.0
1798243 58293 18 37440 18 105.0 0 0 0 0 0 0 0 0 0 0 1 0 0 0 1 0 0 0 0 0 0 1 0 0 0 0 0 79247.0 5000000.0
1954315 57474 14 5317 2 113.0 0 0 1 0 0 1 0 0 0 0 0 0 0 0 1 0 0 0 0 0 0 0 0 0 0 0 0 -1.0 4340000.0
3904098 56823 7 4621 2 5.0 0 0 1 0 0 0 0 0 0 0 1 0 0 0 0 0 0 0 0 0 0 0 0 0 1 0 0 -1.0 -1
2901736 56773 4 8775 2 99.0 0 0 1 0 0 0 0 0 0 0 0 0 0 0 1 0 0 0 0 0 0 0 0 0 0 0 0 -1.0 -1
2212008 56574 15 29231 2 108.0 0 0 0 0 0 1 0 0 0 0 0 0 0 0 1 1 0 0 0 0 0 0 0 0 0 0 0 -1.0 -1
815178 56092 4 9280 2 90.0 0 0 0 0 0 1 0 0 0 0 0 0 0 0 1 0 1 0 0 0 0 0 0 0 0 0 0 13005485.0 8000000.0
2567712 54915 7 10358 2 106.0 0 0 1 0 0 0 0 0 0 0 0 0 0 0 1 0 0 0 0 0 0 0 0 0 0 0 0 30411.0 -1
2215077 54529 7 4843 1 111.0 0 0 0 0 0 0 0 0 0 0 0 0 0 1 1 0 0 0 0 0 0 0 0 0 0 0 0 -1.0 -1
1864405 54051 8 5278 1 114.0 0 0 0 0 1 0 0 0 0 0 0 0 0 0 1 0 0 0 0 0 0 1 0 0 0 0 0 102079.0 -1
2353767 53895 24 24120 24 117.0 0 0 1 0 0 0 0 0 0 0 0 0 0 0 1 0 0 0 0 0 0 0 0 0 0 0 0 37543.0 7397879.0
2402985 52909 17 25781 17 92.0 0 0 1 0 0 0 0 0 0 0 1 0 0 0 0 0 0 0 0 0 0 0 0 0 0 0 0 -1.0 -1
2635006 50257 5 7232 1 92.0 0 0 0 0 0 0 0 0 0 0 0 0 0 0 1 0 0 0 0 0 1 0 1 0 0 0 0 -1.0 -1
3268458 48911 12 21705 12 105.0 0 0 1 0 1 0 0 0 0 0 0 0 0 0 0 1 0 0 0 0 0 0 0 1 0 0 1 -1.0 -1
1582465 48713 8 21602 8 86.0 1 0 0 0 0 0 0 0 0 0 1 0 0 0 0 0 0 0 0 0 0 0 0 0 0 0 0 -1.0 -1
2523600 48541 10 5272 2 94.0 0 0 1 0 0 0 0 0 0 0 1 0 0 0 1 0 0 0 0 0 0 0 0 0 0 0 0 -1.0 7000000.0
2276069 46874 4 7017 1 130.0 0 0 1 0 0 0 0 0 0 0 0 0 0 0 1 0 0 0 0 0 0 0 0 0 0 0 0 2946818.36364 -1
2417560 45406 24 31113 24 117.0 0 0 1 0 0 0 0 0 0 0 1 0 0 0 0 0 0 0 0 0 0 0 0 0 0 0 0 -1.0 -1
1691153 45405 5 36942 5 102.0 1 0 0 0 0 1 1 0 0 0 0 0 0 0 1 0 0 0 0 0 1 0 0 0 0 0 0 -1.0 -1
3091304 44581 16 12431 3 100.0 0 0 1 0 1 0 0 1 0 0 0 0 0 0 0 0 0 0 0 0 0 0 0 1 0 0 0 -1.0 -1
2322482 43393 5 4949 1 85.0 0 0 1 0 0 0 0 0 0 0 0 0 0 0 0 0 0 0 0 0 0 0 0 1 0 0 0 -1.0 -1
2446600 43089 10 2568 5 97.0 0 0 1 0 0 0 0 0 0 0 0 0 0 0 0 0 0 0 1 0 0 0 0 1 0 0 0 -1.0 -1
2352488 42534 2 5218 1 60.0 0 0 1 0 0 0 0 0 0 0 0 0 0 0 1 0 0 0 0 0 0 0 0 0 0 0 0 -1.0 -1
3770084 42472 28 26912 28 nan 0 0 1 0 0 0 0 0 0 0 0 0 0 0 0 1 0 0 0 0 0 0 0 1 0 0 0 -1.0 -1
2333598 38106 7 6447 6 105.0 0 0 1 1 0 1 0 0 0 0 0 0 0 0 0 0 0 0 0 0 0 0 0 0 0 0 0 -1.0 -1
2832470 37473 25 17331 25 100.0 0 0 0 1 0 0 0 0 0 0 1 0 0 0 0 0 0 0 0 1 0 0 0 0 0 0 0 -1.0 -1
2313896 34768 10 16768 8 116.0 0 0 1 0 0 0 0 0 0 0 0 0 0 0 1 0 0 0 0 0 0 0 0 0 0 0 0 106042.0 -1
2238050 33821 14 6302 4 91.0 0 0 0 0 0 1 0 0 0 0 0 0 0 0 1 0 1 0 0 0 0 0 0 0 0 0 0 179110.0 -1
2309224 33232 7 6342 6 110.0 0 0 1 0 0 1 0 0 0 0 0 0 0 0 0 1 0 0 0 0 0 0 0 0 0 0 0 -1.0 -1
2176786 32286 4 6530 2 110.0 0 0 1 0 0 0 0 0 0 0 0 0 0 0 1 0 0 0 0 0 0 0 0 0 0 0 0 605116.0 -1
498351 32188 69 24260 69 77.0 0 0 1 0 0 0 0 0 0 1 0 1 0 0 0 0 0 0 0 0 0 0 0 0 0 0 0 -1.0 -1
2418372 31611 5 9140 1 105.0 0 0 1 0 0 0 0 0 0 0 0 0 0 0 1 0 0 0 0 0 0 0 0 0 0 0 0 -1.0 -1
3057836 30662 3 5422 1 89.0 0 0 1 0 1 0 0 0 0 0 0 1 0 0 0 0 0 0 0 0 0 0 0 1 0 0 1 22221.0 -1
2955096 30312 9 7523 4 82.0 0 0 0 0 0 0 0 0 0 0 1 0 0 0 1 0 0 0 0 0 0 0 0 0 0 0 0 117029.25 70000.0
2210834 30283 8 7191 1 117.0 0 0 1 0 0 0 0 0 0 0 0 0 0 0 1 0 0 0 0 0 0 0 0 0 0 0 0 -1.0 10000000.0
2386502 30104 15 1926 1 105.0 0 1 0 0 0 0 0 0 0 0 0 1 0 1 1 0 0 0 0 0 0 0 0 0 0 0 0 -1.0 500000.0
3103326 30029 4 3635 1 118.0 0 0 1 0 0 0 0 0 0 0 0 0 0 0 0 0 0 0 0 0 0 0 0 1 0 0 0 -1.0 -1
2409302 28534 11 5060 3 129.0 0 0 1 1 0 0 0 0 0 0 1 0 0 0 1 0 0 0 0 0 0 0 0 0 0 0 0 -1.0 -1
262792 28516 1 9423 1 46.0 0 0 1 0 0 0 0 0 0 0 0 0 0 0 0 0 0 0 0 0 0 0 0 1 0 0 0 -1.0 -1
2435458 27053 8 2661 1 94.0 0 0 1 0 0 0 0 0 0 0 1 0 0 0 1 0 0 0 0 0 0 0 0 0 0 0 0 -1.0 -1
3398066 25480 15 19836 15 103.0 0 1 0 0 0 0 0 0 0 0 1 0 0 1 0 0 0 0 0 0 0 0 0 0 0 0 0 201700.0 -1
1067765 25368 11 3783 2 97.0 0 0 0 0 0 0 0 0 0 0 1 0 0 0 0 0 0 0 0 0 0 0 0 0 0 0 0 -1.0 -1
116866 24751 2 7161 2 106.0 0 0 1 0 0 0 1 0 0 0 0 0 0 1 0 0 0 0 0 0 0 0 0 1 0 0 0 -1.0 -1
2246526 24630 3 8406 1 82.0 0 0 1 1 1 0 0 0 0 0 0 0 0 0 0 0 0 0 1 0 0 0 0 1 0 0 0 719.0 500000.0
3428912 23868 4 9047 4 60.0 0 0 1 0 0 0 0 0 0 0 0 0 0 0 1 1 0 0 0 0 0 0 0 0 0 0 0 -1.0 -1
1837709 23268 3 3802 1 118.0 1 0 0 0 0 0 0 0 0 0 0 0 1 1 1 0 1 0 0 0 0 0 0 0 0 0 0 -1.0 60000000.0
3214002 23043 25 12759 25 101.0 0 0 1 0 0 0 0 0 0 1 0 0 0 0 0 0 0 0 0 0 1 0 0 1 0 0 0 -1.0 -1
1783422 22620 1 1303 1 97.0 0 0 1 0 0 1 0 0 0 0 0 0 0 0 1 0 0 0 0 0 0 0 0 0 0 0 0 -1.0 -1
2039345 22555 10 2964 2 90.0 0 0 0 0 0 1 0 0 0 0 0 0 0 0 0 0 1 0 0 0 0 1 0 0 0 0 0 -1.0 -1
2379318 21770 6 4919 4 94.0 0 0 1 0 0 0 0 0 0 0 0 0 0 1 1 0 0 0 0 0 0 0 0 0 0 0 0 -1.0 -1
